CM101
Communication Management
19CLC2
dnvu
Duong Nguyen Vu
Giao su
0
SAT
I01
2019 10 26
2019 12 28
7 30 10 30
13
19125086
10 10 1 10
1 1 1 1 1 1 1 1 1 1 
19125090
10 10 1 10
1 1 1 1 1 1 1 1 1 1 
19125093
10 10 1 10
1 1 1 1 1 1 1 1 1 1 
19125096
10 10 1 10
1 1 1 1 1 1 1 1 1 1 
19125102
10 10 1 10
1 1 1 1 1 1 1 1 1 1 
19125103
10 10 1 10
1 1 1 1 1 1 1 1 1 1 
19125109
10 10 1 10
1 1 1 1 1 1 1 1 1 1 
19125113
10 10 1 10
1 1 1 1 1 1 1 1 1 1 
19125119
10 10 1 10
1 1 1 1 1 1 1 1 1 1 
19125122
10 10 1 10
1 1 1 1 1 1 1 1 1 1 
19125126
10 10 1 10
1 1 1 1 1 1 1 1 1 1 
19125133
10 10 1 10
1 1 1 1 1 1 1 1 1 1 
19125134
10 10 1 10
1 1 1 1 1 1 1 1 1 1 
