CS161
Introduction to Computer program
19CLC2
dbtien
Dinh Ba Tien
Tien si
0
FRI
F205A
2019 10 25
2019 12 27
13 30 17 0
13
19125086
10 10 1 10
1 1 1 1 1 1 1 1 1 1 
19125090
10 10 1 10
1 1 1 1 1 1 1 1 1 1 
19125093
10 10 1 10
1 1 1 1 1 1 1 1 1 1 
19125096
10 10 1 10
1 1 1 1 1 1 1 1 1 1 
19125102
10 10 1 10
1 1 1 1 1 1 1 1 1 1 
19125103
10 10 1 10
1 1 1 1 1 1 1 1 1 1 
19125109
10 10 1 10
1 1 1 1 1 1 1 1 1 1 
19125113
10 10 1 10
1 1 1 1 1 1 1 1 1 1 
19125119
10 10 1 10
1 1 1 1 1 1 1 1 1 1 
19125122
10 10 1 10
1 1 1 1 1 1 1 1 1 1 
19125126
10 10 1 10
1 1 1 1 1 1 1 1 1 1 
19125133
10 10 1 10
1 1 1 1 1 1 1 1 1 1 
19125134
10 10 1 10
1 1 1 1 1 1 1 1 1 1 
