CM101
Communication Management
19CTT1
dnvu
Duong Nguyen Vu
Giao su
0
MON
I01
2020 4 6
2020 6 8
13 30 17 30
9
1912001
-1 -1 -1 -1
-1 -1 -1 -1 -1 -1 -1 -1 -1 -1 
1912002
-1 -1 -1 -1
-1 -1 -1 -1 -1 -1 -1 -1 -1 -1 
1912003
-1 -1 -1 -1
-1 -1 -1 -1 -1 -1 -1 -1 -1 -1 
1912004
-1 -1 -1 -1
-1 -1 -1 -1 -1 -1 -1 -1 -1 -1 
1912005
-1 -1 -1 -1
-1 -1 -1 -1 -1 -1 -1 -1 -1 -1 
1912006
-1 -1 -1 -1
-1 -1 -1 -1 -1 -1 -1 -1 -1 -1 
1912007
-1 -1 -1 -1
-1 -1 -1 -1 -1 -1 -1 -1 -1 -1 
1912008
-1 -1 -1 -1
-1 -1 -1 -1 -1 -1 -1 -1 -1 -1 
1912009
-1 -1 -1 -1
-1 -1 -1 -1 -1 -1 -1 -1 -1 -1 
