CS163
Introduction to Computer program
19CTT1
dbtien
Dinh Ba Tien
Tien si
0
MON
I41
2020 4 6
2020 6 8
8 0 10 0
9
1912001
-1 -1 -1 -1
-1 -1 -1 -1 -1 -1 -1 -1 -1 -1 
1912002
-1 -1 -1 -1
-1 -1 -1 -1 -1 -1 -1 -1 -1 -1 
1912003
-1 -1 -1 -1
-1 -1 -1 -1 -1 -1 -1 -1 -1 -1 
1912004
-1 -1 -1 -1
-1 -1 -1 -1 -1 -1 -1 -1 -1 -1 
1912005
-1 -1 -1 -1
-1 -1 -1 -1 -1 -1 -1 -1 -1 -1 
1912006
-1 -1 -1 -1
-1 -1 -1 -1 -1 -1 -1 -1 -1 -1 
1912007
-1 -1 -1 -1
-1 -1 -1 -1 -1 -1 -1 -1 -1 -1 
1912008
-1 -1 -1 -1
-1 -1 -1 -1 -1 -1 -1 -1 -1 -1 
1912009
-1 -1 -1 -1
-1 -1 -1 -1 -1 -1 -1 -1 -1 -1 
