CS162
Introduction to Computer program
19APCS1
dbtien
Dinh Ba Tien
Tien si
0
FRI
I41
2020 4 17
2020 6 19
8 0 11 0
10
19125001
9 10 1 10
1 1 1 1 1 1 1 1 1 1 
19125002
9 10 1 10
1 1 1 1 1 1 1 1 1 1 
19125003
9 10 1 10
1 1 1 1 1 1 1 1 1 1 
19125006
9 10 1 10
1 1 1 1 1 1 1 1 1 1 
19125007
9 10 1 10
1 1 1 1 1 1 1 1 1 1 
19125010
9 10 1 10
1 1 1 1 1 1 1 1 1 1 
19125011
9 10 1 10
1 1 1 1 1 1 1 1 1 1 
19125014
9 10 1 10
1 1 1 1 1 1 1 1 1 1 
19125017
9 10 1 10
1 1 1 1 1 1 1 1 1 1 
19125029
9 10 1 10
1 1 1 1 1 1 1 1 1 1 
