PH212
General Physics II
19APCS1
nhnha
Nguyen Huu Nha
Tien si
0
THU
I01
2020 4 16
2020 6 18
13 30 17 30
10
19125001
9 10 1 10
1 1 1 1 1 1 1 1 1 1 
19125002
9 10 1 10
1 1 1 1 1 1 1 1 1 1 
19125003
9 10 1 10
1 1 1 1 1 1 1 1 1 1 
19125006
9 10 1 10
1 1 1 1 1 1 1 1 1 1 
19125007
9 10 1 10
1 1 1 1 1 1 1 1 1 1 
19125010
9 10 1 10
1 1 1 1 1 1 1 1 1 1 
19125011
9 10 1 10
1 1 1 1 1 1 1 1 1 1 
19125014
9 10 1 10
1 1 1 1 1 1 1 1 1 1 
19125017
9 10 1 10
1 1 1 1 1 1 1 1 1 1 
19125029
9 10 1 10
1 1 1 1 1 1 1 1 1 1 
