CS162
Introduction to Computer program
19CLC1
nhminh
Nguyen Hai Minh
Thac si
1
FRI
I31
2020 4 17
2020 6 19
13 30 17 0
10
19125063
9 10 1 10
1 1 1 1 1 1 1 1 1 1 
19125064
9 10 1 10
1 1 1 1 1 1 1 1 1 1 
19125066
9 10 1 10
1 1 1 1 1 1 1 1 1 1 
19125068
9 10 1 10
1 1 1 1 1 1 1 1 1 1 
19125073
9 10 1 10
1 1 1 1 1 1 1 1 1 1 
19125074
9 10 1 10
1 1 1 1 1 1 1 1 1 1 
19125075
9 10 1 10
1 1 1 1 1 1 1 1 1 1 
19125078
9 10 1 10
1 1 1 1 1 1 1 1 1 1 
19125079
9 10 1 10
1 1 1 1 1 1 1 1 1 1 
19125085
9 10 1 10
1 1 1 1 1 1 1 1 1 1 
