PH212
General Physics II
19CLC1
nhnha
Nguyen Huu Nha
Tien si
0
THU
I01
2020 4 16
2020 6 18
8 0 11 0
10
19125063
9 10 1 10
1 1 1 1 1 1 1 1 1 1 
19125064
9 10 1 10
1 1 1 1 1 1 1 1 1 1 
19125066
9 10 1 10
1 1 1 1 1 1 1 1 1 1 
19125068
9 10 1 10
1 1 1 1 1 1 1 1 1 1 
19125073
9 10 1 10
1 1 1 1 1 1 1 1 1 1 
19125074
9 10 1 10
1 1 1 1 1 1 1 1 1 1 
19125075
9 10 1 10
1 1 1 1 1 1 1 1 1 1 
19125078
9 10 1 10
1 1 1 1 1 1 1 1 1 1 
19125079
9 10 1 10
1 1 1 1 1 1 1 1 1 1 
19125085
9 10 1 10
1 1 1 1 1 1 1 1 1 1 
