CS162
Introduction to Computer program
19APCS2
dbtien
Dinh Ba Tien
Tien si
0
SAT
I41
2020 4 18
2020 6 20
8 0 11 0
10
19125031
9 10 1 10
1 1 1 1 1 1 1 1 1 1 
19125033
9 10 1 10
1 1 1 1 1 1 1 1 1 1 
19125038
9 10 1 10
1 1 1 1 1 1 1 1 1 1 
19125043
9 10 1 10
1 1 1 1 1 1 1 1 1 1 
19125046
9 10 1 10
1 1 1 1 1 1 1 1 1 1 
19125050
9 10 1 10
1 1 1 1 1 1 1 1 1 1 
19125051
9 10 1 10
1 1 1 1 1 1 1 1 1 1 
19125052
9 10 1 10
1 1 1 1 1 1 1 1 1 1 
19125055
9 10 1 10
1 1 1 1 1 1 1 1 1 1 
19125056
9 10 1 10
1 1 1 1 1 1 1 1 1 1 
