PH212
General Physics II
19APCS2
nhnha
Nguyen Huu Nha
Tien si
0
FRI
I01
2020 4 17
2020 6 19
13 30 17 30
10
19125031
9 10 1 10
1 1 1 1 1 1 1 1 1 1 
19125033
9 10 1 10
1 1 1 1 1 1 1 1 1 1 
19125038
9 10 1 10
1 1 1 1 1 1 1 1 1 1 
19125043
9 10 1 10
1 1 1 1 1 1 1 1 1 1 
19125046
9 10 1 10
1 1 1 1 1 1 1 1 1 1 
19125050
9 10 1 10
1 1 1 1 1 1 1 1 1 1 
19125051
9 10 1 10
1 1 1 1 1 1 1 1 1 1 
19125052
9 10 1 10
1 1 1 1 1 1 1 1 1 1 
19125055
9 10 1 10
1 1 1 1 1 1 1 1 1 1 
19125056
9 10 1 10
1 1 1 1 1 1 1 1 1 1 
