CM101
Communication Management
19APCS2
dnvu
Duong Nguyen Vu
Giao su
0
SAT
I01
2019 10 26
2019 12 28
13 30 17 30
10
19125031
-1 -1 -1 -1
-1 -1 -1 -1 -1 -1 -1 -1 -1 -1 
19125033
-1 -1 -1 -1
-1 -1 -1 -1 -1 -1 -1 -1 -1 -1 
19125038
-1 -1 -1 -1
-1 -1 -1 -1 -1 -1 -1 -1 -1 -1 
19125043
-1 -1 -1 -1
-1 -1 -1 -1 -1 -1 -1 -1 -1 -1 
19125046
-1 -1 -1 -1
-1 -1 -1 -1 -1 -1 -1 -1 -1 -1 
19125050
-1 -1 -1 -1
-1 -1 -1 -1 -1 -1 -1 -1 -1 -1 
19125051
-1 -1 -1 -1
-1 -1 -1 -1 -1 -1 -1 -1 -1 -1 
19125052
-1 -1 -1 -1
-1 -1 -1 -1 -1 -1 -1 -1 -1 -1 
19125055
-1 -1 -1 -1
-1 -1 -1 -1 -1 -1 -1 -1 -1 -1 
19125056
-1 -1 -1 -1
-1 -1 -1 -1 -1 -1 -1 -1 -1 -1 
