CS161
Introduction to Computer program
19APCS2
nhminh
Nguyen Hai Minh
Thac si
1
MON
F205B
2019 10 28
2019 12 30
8 0 10 0
10
19125031
10 10 1 10
1 1 1 1 1 1 1 1 1 1 
19125033
10 10 1 10
1 1 1 1 1 1 1 1 1 1 
19125038
10 10 1 10
1 1 1 1 1 1 1 1 1 1 
19125043
10 10 1 10
1 1 1 1 1 1 1 1 1 1 
19125046
10 10 1 10
1 1 1 1 1 1 1 1 1 1 
19125050
10 10 1 10
1 1 1 1 1 1 1 1 1 1 
19125051
10 10 1 10
1 1 1 1 1 1 1 1 1 1 
19125052
10 10 1 10
1 1 1 1 1 1 1 1 1 1 
19125055
10 10 1 10
1 1 1 1 1 1 1 1 1 1 
19125056
10 10 1 10
1 1 1 1 1 1 1 1 1 1 
