CS162
Introduction to Computer program
19CLC2
nhminh
Nguyen Hai Minh
Thac si
1
THU
I31
2020 4 16
2020 6 18
13 30 17 0
13
19125086
9 10 1 10
1 1 1 1 1 1 1 1 1 1 
19125090
9 10 1 10
1 1 1 1 1 1 1 1 1 1 
19125093
9 10 1 10
1 1 1 1 1 1 1 1 1 1 
19125096
9 10 1 10
1 1 1 1 1 1 1 1 1 1 
19125102
9 10 1 10
1 1 1 1 1 1 1 1 1 1 
19125103
9 10 1 10
1 1 1 1 1 1 1 1 1 1 
19125109
9 10 1 10
1 1 1 1 1 1 1 1 1 1 
19125113
9 10 1 10
1 1 1 1 1 1 1 1 1 1 
19125119
9 10 1 10
1 1 1 1 1 1 1 1 1 1 
19125122
9 10 1 10
1 1 1 1 1 1 1 1 1 1 
19125126
9 10 1 10
1 1 1 1 1 1 1 1 1 1 
19125133
9 10 1 10
1 1 1 1 1 1 1 1 1 1 
19125134
9 10 1 10
1 1 1 1 1 1 1 1 1 1 
