PH212
General Physics II
19CLC2
nhnha
Nguyen Huu Nha
Tien si
0
FRI
I01
2020 4 17
2020 6 19
8 0 11 0
13
19125086
9 10 1 10
1 1 1 1 1 1 1 1 1 1 
19125090
9 10 1 10
1 1 1 1 1 1 1 1 1 1 
19125093
9 10 1 10
1 1 1 1 1 1 1 1 1 1 
19125096
9 10 1 10
1 1 1 1 1 1 1 1 1 1 
19125102
9 10 1 10
1 1 1 1 1 1 1 1 1 1 
19125103
9 10 1 10
1 1 1 1 1 1 1 1 1 1 
19125109
9 10 1 10
1 1 1 1 1 1 1 1 1 1 
19125113
9 10 1 10
1 1 1 1 1 1 1 1 1 1 
19125119
9 10 1 10
1 1 1 1 1 1 1 1 1 1 
19125122
9 10 1 10
1 1 1 1 1 1 1 1 1 1 
19125126
9 10 1 10
1 1 1 1 1 1 1 1 1 1 
19125133
9 10 1 10
1 1 1 1 1 1 1 1 1 1 
19125134
9 10 1 10
1 1 1 1 1 1 1 1 1 1 
