CM101
Communication Management
19APCS1
dnvu
Duong Nguyen Vu
Giao su
0
SAT
I01
2019 10 26
2019 12 28
13 30 17 30
10
19125001
10 10 1 10
1 1 1 1 1 1 1 1 1 1 
19125002
10 10 1 10
1 1 1 1 1 1 1 1 1 1 
19125003
10 10 1 10
1 1 1 1 1 1 1 1 1 1 
19125006
10 10 1 10
1 1 1 1 1 1 1 1 1 1 
19125007
10 10 1 10
1 1 1 1 1 1 1 1 1 1 
19125010
10 10 1 10
1 1 1 1 1 1 1 1 1 1 
19125011
10 10 1 10
1 1 1 1 1 1 1 1 1 1 
19125014
10 10 1 10
1 1 1 1 1 1 1 1 1 1 
19125017
10 10 1 10
1 1 1 1 1 1 1 1 1 1 
19125029
10 10 1 10
1 1 1 1 1 1 1 1 1 1 
