CS161
Introduction to Computer program
19APCS1
dbtien
Dinh Ba Tien
Tien si
0
MON
F205A
2019 10 28
2019 12 30
8 0 10 0
10
19125001
10 10 1 10
1 1 1 1 1 1 1 1 1 1 
19125002
10 10 1 10
1 1 1 1 1 1 1 1 1 1 
19125003
10 10 1 10
1 1 1 1 1 1 1 1 1 1 
19125006
10 10 1 10
1 1 1 1 1 1 1 1 1 1 
19125007
10 10 1 10
1 1 1 1 1 1 1 1 1 1 
19125010
10 10 1 10
1 1 1 1 1 1 1 1 1 1 
19125011
10 10 1 10
1 1 1 1 1 1 1 1 1 1 
19125014
10 10 1 10
1 1 1 1 1 1 1 1 1 1 
19125017
10 10 1 10
1 1 1 1 1 1 1 1 1 1 
19125029
10 10 1 10
1 1 1 1 1 1 1 1 1 1 
