CM101
Communication Management
19CLC1
dnvu
Duong Nguyen Vu
Giao su
0
SAT
I01
2019 10 26
2019 12 28
7 30 10 30
10
19125063
10 10 1 10
1 1 1 1 1 1 1 1 1 1 
19125064
10 10 1 10
1 1 1 1 1 1 1 1 1 1 
19125066
10 10 1 10
1 1 1 1 1 1 1 1 1 1 
19125068
10 10 1 10
1 1 1 1 1 1 1 1 1 1 
19125073
10 10 1 10
1 1 1 1 1 1 1 1 1 1 
19125074
10 10 1 10
1 1 1 1 1 1 1 1 1 1 
19125075
10 10 1 10
1 1 1 1 1 1 1 1 1 1 
19125078
10 10 1 10
1 1 1 1 1 1 1 1 1 1 
19125079
10 10 1 10
1 1 1 1 1 1 1 1 1 1 
19125085
10 10 1 10
1 1 1 1 1 1 1 1 1 1 
