CS161
Introduction to Computer program
19CLC1
dbtien
Dinh Ba Tien
Tien si
0
SAT
F205A
2019 10 26
2019 12 28
13 30 17 0
10
19125063
10 10 1 10
1 1 1 1 1 1 1 1 1 1 
19125064
10 10 1 10
1 1 1 1 1 1 1 1 1 1 
19125066
10 10 1 10
1 1 1 1 1 1 1 1 1 1 
19125068
10 10 1 10
1 1 1 1 1 1 1 1 1 1 
19125073
10 10 1 10
1 1 1 1 1 1 1 1 1 1 
19125074
10 10 1 10
1 1 1 1 1 1 1 1 1 1 
19125075
10 10 1 10
1 1 1 1 1 1 1 1 1 1 
19125078
10 10 1 10
1 1 1 1 1 1 1 1 1 1 
19125079
10 10 1 10
1 1 1 1 1 1 1 1 1 1 
19125085
10 10 1 10
1 1 1 1 1 1 1 1 1 1 
